 12 15 18 24  3  2  8 10 20 31 28 30 19 29 14  5  6 23 27 21 32 25  7 16 33 34 22 13 35 36 17  1  4 26 11  9
 36 19 34 33 28 30 15  2  9 25 18 11 32 27 16  7 35 17  4 24 20 14  8 22  3 26 12 31  1 21 23  5 29 10  6 13
 32 16  6  4  7 17  3  1 14 26 12 24 25 20 30 34  9 22 15 10 36 29 13 23  5  8 28 18  2 11 21 31 35 33 27 19
 14 31  1  8 26 23 36 34 35 19 29 33  4 21  2 24 13 11  5  3  9 17 28  6  7 27 15 25 10 16 12 32 20 30 18 22
 13 21 27 10 22 20  5 32  7  6 17 16 12 15  1 26 33 28 18 31 30 35 11 34  4 24 23 19 29  9  8 14  3  2 36 25
  5 25 29 11  9 35  4 21 27 22 13 23  3 31  8 10 18 36 12  2 26 19 33  1 14  6 32 17 20 30 15  7 34 24 16 28
 20 36 28  5 15 21 22 13 11 29  8  7 34 23 35 25 16 10 30  6 17 26 32 14 31  3 27 12 24  2 33  4  1 19  9 18
  2  3 24 26 18 19  6 20 33 36 14  4 15 28 32 11 27  9  7 16 21  8 25 13 23 29 34  1 30  5 31 22 17 12 35 10
  4 14 30 32 12  1 35  9  3 21 19  5  6  2 31 18 17  8 36 33 10 24 20 15 28 11 25 22 16 13  7 27 23 29 34 26
 31 11 35  6 33 25 17 12 28 16 32 18 13 30 19  1 29 24  3 34 22 23 27  4 10 14  7 26  9  8 36 15  2 21 20  5
  7 17  8 13 27  9  2 23 10 30 34 25 33 12 21 22 26 20 31 11 29  5  1 35 15 19 36  4 32 18  3  6 14 28 24 16
 23 10 22 16 29 34 31 15 26 24  1 27 36  5  3 14  7  4  2 12 18  9 19 28 17 20 33 35 21  6 25  8 13 11 32 30
 35  2 12 34 36 15 23 11 18 13  3 14 17 22 29 16 10  7 19 27  6  1 21  8 20 30  9 33  5 25 24 28 26 32 31  4
 22  5  3 31 13  4 28  6 17 10  2 20 30  1 36 35 12 27 24 14  7 32 16 26  8 21 19 23 11 29  9 25 18 15 33 34
 18 26 17 14 19  7 30 31 24  4 33 21 23 13  6  2 28 32 25  5 34  3 10  9  1 22 16 27 15 12 11 20 36 35  8 29
  9  8 21 23 32 24 25 29 16 35  7 34  5 26 15 20  3 18 11  4 33 30 36 12 13 31  2 28 17 10 22 19  6 14  1 27
  6 28 20 29 30 10  9 36 15  1 27 32  8 19 11 33 25 34 17 13 31 22 18  2 24  4 14  7 26 35  5 16 12  3 21 23
 16  1 25 27 11 33 26  5  8 12 22 19 31 14  4  9 24 21 28 23 15 20 35 29  6 18  3 36 34 32 13 10 30 17  7  2
 30 33 19  1 16 28 18 25  4 17 21  3  7 32 34 13 23 35  8 20  2  6 14 27 36 10  5 24 12 31 26 29  9 22 15 11
 26 12  4 22 14  3 10 28 30  8 20  9 27 17 25  6  2 33 35 36  5 21 24  7 29 13 11 15 18  1 34 23 16 31 19 32
  8 18 15  7 25  6 12 22 34  2 24 35 29 10 20 19  5 14 13  9 11 31  3 17 16 32 26 21 23 27 30 33 28 36  4  1
 21 32  9  2 31  5  1 19 23 33 11 29 16 36 12 15  4  3 26 28 25 34 22 10 35 17 30  8  6  7 18 13 24 27 14 20
 24 13 23 35 17 29 32  7 36 27  6 15  9 18 26  8 11 31 16  1 19  4 30 33 34 28 20  3 14 22 10 12 25  5  2 21
 34 27 10 36 20 11 16 14 13  5 31 26 22 24 28 21  1 30 23 18 12 15 29 32 19  9  4  2 25 33 35 17  7  6  3  8
 15 35 16  3  4 13 20 33 12  9 25 36 21 11  5 27 19 29 34 30 14  7 26 24 22 23  6 10  8 28  1  2 32 18 17 31
 25 23  2 19  5 18 14  8  6  3 15  1 10 33  7 12 30 13 21 32 27 16 17 11  9 36 24 29 31 34  4 26 22 20 28 35
 29 20 33 28 34 14 19 30 32 18 23 10  1 35 17  4 31 16  9 22 13  2  6  3 12 15 21 11  7 26 27 36  8 25  5 24
 10 22 36 30 24 26 21  4  2 34  5 17 14  6 18  3 32 15 33 25  8 28 12 31 27 35  1 16 13 20 19  9 11 23 29  7
 17  7 32  9 21 31 27 26 22 11 16 28 24  8 23 36 20 25  1 29 35 10  4 19  2  5 18 30  3 14  6 34 15 13 12 33
  1  6 11 12  8 27 13 24 29  7 35 31  2  9 22 28 34 26 20 15 23 36  5 18 25 33 17 32 19  4 14 30 21 16 10  3
 28 29 13 21  6 12 33 18 19 14  9  2 11  3 10 17 36  5 32  7 16 27 23 25 30  1  8 34 22 24 20 35 31  4 26 15
  3  4 26 18 10 16 29 35  1 20 36  6 28  7 13 23 22 12 14  8 24 33 34 30 21  2 31  5 27 15 32 11 19  9 25 17
 19 30  7 25  1 32 24 17 21 28  4 12 35 34 27 31 15  2  6 26  3 13  9  5 11 16 10 20 36 23 29 18 33  8 22 14
 33 34 14 15 35 22 11 27 25 23 10  8 18 16  9 32 21 19 29 17 28 12 31 20 26  7 13  6  4  3  2 24  5  1 30 36
 11 24 31 17 23  8  7  3  5 15 26 22 20 25 33 30 14  1 10 35  4 18  2 36 32 12 29  9 28 19 16 21 27 34 13  6
 27  9  5 20  2 36 34 16 31 32 30 13 26  4 24 29  8  6 22 19  1 11 15 21 18 25 35 14 33 17 28  3 10  7 23 12

---------------------------------
Took: 654547645ns to setup CoverGrid
Took: 256409921ns to solve
Took: 26637148ns to parse/print answer
Took: 937594714ns in total
---------------------------------
Took: 0.654547645s to setup CoverGrid
Took: 0.256409921s to solve
Took: 0.026637148s to parse/print answer
Took: 0.937594714s in total

Number of updates: 4134786