  1  2  3  4  5  6  7  8  9 10 11 12 13 14 15 16 17 18 19 20 21 24 23 22 25
 11 12 13 14 15  1  2  3  4  5 16 17 18 19 20 23 24 21 25 22  6  7  8  9 10
  6  7  8  9 10 24 23 25 21 22  1  2  3  4  5 11 12 13 14 15 16 17 18 19 20
 25 24 21 22 23 16 17 18 19 20  6  7  8  9 10  1  2  3  4  5 11 12 13 14 15
 16 17 18 19 20 11 12 13 14 15 22 21 23 25 24  6  7  8  9 10  1  2  3  4  5
  3  1  5  2 14 19 16 20  7 11 18 15 21 22 23  8 10 25 24 12  4  9 17 13  6
  4  8 10  6 18  3  1 23 22  2 13 24 25 12 14  9 16 19 11 17  5 15 20 21  7
 22 15 24  7 12  4  5  9 13  6  3  1 16 17  2 18 20 14 21 23  8 10 25 11 19
  9 19 11 20 21  8 25 24 17 14  4  5 10  7  6  3  1 15 13  2 18 23 16 12 22
 13 25 17 23 16 10 15 21 18 12  8  9 20 11 19  4  5 22  7  6  3  1 14 24  2
  2  5  1 15  3 14 13 17 25  8 24 16 19 10 18 12 22 11 20  9  7  4 21  6 23
  7 16  6 11  4  2 18  1  5  3 12 23 17  8 25 14 21 24 10 13 20 22 19 15  9
 12 22 25 21  8  7  4  6 11  9  2 20  1  5  3 17 15 23 18 19 14 13 24 10 16
 14 20 19 24  9 23 22 10 16 21  7  4  6 15 13  2 25  1  5  3 12  8 11 17 18
 17 10 23 18 13 12 24 15 20 19 14 22 11 21  9  7  4  6  8 16  2 25  1  5  3
 19  6  4  1  2 22 21 11 12 24 20 18  9 23  8 15 14 16 17 25 10  5  7  3 13
  5 13  9  3  7 17  8  2  1  4 25 19 22 24 11 10 18 20 23 21 15  6 12 16 14
 15 18 20 25 17  5  6  7  3 16 10 14  2  1  4 19 13  9 12 24 23 21 22  8 11
 23 14 12 16 11 18 10 19 15 13  5  6  7  3 21 22  8  2  1  4 17 20  9 25 24
 10 21 22  8 24 20  9 14 23 25 15 13 12 16 17  5  6  7  3 11 19 18  2  1  4
 18  3  2  5  1 15 20  4  8 23 17 10 24 13 22 25 11 12 16 14  9 19  6  7 21
 24  4  7 13  6  9  3 16  2  1 19 25 14 20 12 21 23 10 15  8 22 11  5 18 17
 20 11 15 12 19 25 14  5  6  7 21  3  4  2  1 24  9 17 22 18 13 16 10 23  8
  8  9 16 17 25 21 19 22 10 18 23 11  5  6  7 13  3  4  2  1 24 14 15 20 12
 21 23 14 10 22 13 11 12 24 17  9  8 15 18 16 20 19  5  6  7 25  3  4  2  1
